0 0 2.69875e+09 1.18393e+06 9.37149e+14 4.67231e+11 0.00058833 0.499937
0 1 3.43553e+09 6.96658e+07 1.54044e+15 3.2409e+13 0.0212804 0.0790749
0 2 3.16236e+09 2.94806e+08 1.63856e+15 1.53923e+14 0.0972952 0.0393243
0 3 2.44354e+09 3.62631e+08 1.33341e+15 1.98047e+14 0.154624 0.0352051
0 4 1.651e+09 3.40892e+08 8.80102e+14 1.81618e+14 0.214061 0.034739
0 5 1.02279e+09 2.42015e+08 5.02703e+14 1.18677e+14 0.252666 0.0384531
0 6 5.80988e+08 1.40911e+08 2.51588e+14 6.08182e+13 0.260821 0.0470133
0 7 3.26048e+08 1.01848e+08 1.20287e+14 3.75336e+13 0.346443 0.0485884
0 8 1.70448e+08 4.87983e+07 5.19551e+13 1.48313e+13 0.326733 0.064201
0 9 1.06665e+08 3.00361e+07 2.54346e+13 7.15328e+12 0.329102 0.0724587
0 10 4.09396e+07 1.11491e+07 6.86047e+12 1.87592e+12 0.315316 0.101026
0 11 1.2726e+07 3.4153e+06 1.41575e+12 3.71056e+11 0.347054 0.144009
0 12 3.37274e+06 734796 2.2791e+11 4.97757e+10 0.265711 0.255523
0 13 700053 135535 2.63829e+10 4.66637e+09 0.193607 0.457709
0 14 133895 41068.2 3.03971e+09 8.69531e+08 0.605611 0.534158
0 15 41640.5 10152.9 4.41871e+08 1.03081e+08 0.766145 0.815915
0 16 9314.67 0 4.35098e+07 0 0 -nan
0 17 0 0 0 0 -nan -nan
0 18 0 0 0 0 -nan -nan
0 19 0 0 0 0 -nan -nan
0 20 0 0 0 0 -nan -nan
1 0 2.15221e+09 647375 3.08994e+14 1.0478e+11 0.000379602 0.447246
1 1 2.74026e+09 4.98267e+07 5.19912e+14 9.99061e+12 0.0197322 0.0604947
1 2 2.53273e+09 2.28113e+08 5.7439e+14 5.22586e+13 0.0951786 0.0295152
1 3 2.05615e+09 3.15728e+08 5.12598e+14 7.8883e+13 0.161745 0.0253387
1 4 1.50301e+09 2.9444e+08 3.85437e+14 7.55183e+13 0.203365 0.0260919
1 5 9.69115e+08 2.20162e+08 2.42974e+14 5.51519e+13 0.244376 0.0289032
1 6 6.0225e+08 1.57878e+08 1.42249e+14 3.72728e+13 0.284123 0.0323859
1 7 3.38744e+08 8.74683e+07 7.32423e+13 1.89039e+13 0.286279 0.041434
1 8 1.92145e+08 5.71628e+07 3.72229e+13 1.10877e+13 0.334622 0.0472226
1 9 1.3917e+08 4.89551e+07 2.32408e+13 8.11886e+12 0.385009 0.0460497
1 10 6.00363e+07 1.85781e+07 8.1126e+12 2.52792e+12 0.352401 0.0686682
1 11 2.49478e+07 7.0471e+06 2.62424e+12 7.34418e+11 0.344484 0.098473
1 12 7.44893e+06 2.56858e+06 5.70029e+11 1.95111e+11 0.405218 0.134832
1 13 2.36445e+06 789772 1.34124e+11 4.48933e+10 0.45902 0.206087
1 14 601893 84625.3 2.59751e+10 3.59047e+09 0.222146 0.563967
1 15 231827 54495.8 6.84022e+09 1.50834e+09 0.40203 0.577723
1 16 0 0 0 0 -nan -nan
1 17 13077.4 0 1.71017e+08 0 0 -nan
1 18 0 0 0 0 -nan -nan
1 19 0 0 0 0 -nan -nan
1 20 0 0 0 0 -nan -nan
2 0 5.17824e+08 206811 1.57146e+13 7.12949e+09 0.000816811 0.288754
2 1 6.68563e+08 1.18541e+07 2.73371e+13 5.07056e+11 0.0191139 0.0575273
2 2 6.40431e+08 5.83379e+07 3.21103e+13 2.96e+12 0.095382 0.0275672
2 3 5.36355e+08 7.77048e+07 3.05179e+13 4.43596e+12 0.152319 0.0245641
2 4 3.90062e+08 7.35786e+07 2.36169e+13 4.45988e+12 0.199484 0.0253028
2 5 2.70895e+08 6.1217e+07 1.66141e+13 3.75505e+12 0.238149 0.0273359
2 6 1.65587e+08 4.29257e+07 9.90012e+12 2.56663e+12 0.281939 0.0312677
2 7 9.90727e+07 2.7773e+07 5.60765e+12 1.57149e+12 0.315066 0.036979
2 8 5.84927e+07 1.68549e+07 3.06223e+12 8.82722e+11 0.331934 0.0451469
2 9 4.43156e+07 1.21263e+07 2.06504e+12 5.64437e+11 0.310315 0.0510818
2 10 1.79996e+07 5.54913e+06 7.04696e+11 2.17403e+11 0.355326 0.0675127
2 11 8.07134e+06 2.53868e+06 2.5585e+11 7.9989e+10 0.372018 0.0897187
2 12 1.90165e+06 395138 4.43929e+10 9.25596e+09 0.287884 0.196669
2 13 586881 250673 1.05269e+10 4.52339e+09 0.65704 0.198686
2 14 123247 11231.1 1.53284e+09 1.26138e+08 0.207777 0.726996
2 15 13062.1 0 8.54378e+07 0 2.18354 1.00455
2 16 4236.04 0 1.7944e+07 0 0 -nan
2 17 0 0 0 0 -nan -nan
2 18 0 0 0 0 -nan -nan
2 19 0 0 0 0 -nan -nan
2 20 0 0 0 0 -nan -nan
3 0 1.31202e+08 16368.4 6.22092e+11 8.93088e+07 0.000253632 0.408308
3 1 1.68326e+08 2.77651e+06 1.08327e+12 1.87646e+10 0.0181777 0.0467948
3 2 1.68704e+08 1.41717e+07 1.34368e+12 1.14295e+11 0.088747 0.0223015
3 3 1.39867e+08 2.00357e+07 1.27626e+12 1.83451e+11 0.149838 0.0194299
3 4 1.03983e+08 1.98053e+07 1.02177e+12 1.94794e+11 0.201725 0.0196162
3 5 7.1018e+07 1.62509e+07 7.16214e+11 1.63931e+11 0.24747 0.0212853
3 6 4.68001e+07 1.16346e+07 4.66736e+11 1.16e+11 0.271214 0.0246485
3 7 2.83333e+07 7.50276e+06 2.71454e+11 7.18144e+10 0.300344 0.0294559
3 8 1.70696e+07 4.39781e+06 1.53501e+11 3.94858e+10 0.301616 0.0370353
3 9 1.33404e+07 3.7721e+06 1.08677e+11 3.07068e+10 0.319102 0.0380613
3 10 5.20109e+06 1.38146e+06 3.64895e+10 9.7062e+09 0.323167 0.0576771
3 11 2.42779e+06 636979 1.4201e+10 3.70375e+09 0.323645 0.0773537
3 12 786877 213132 3.55812e+09 9.51261e+08 0.341692 0.116622
3 13 232519 37261.1 7.98198e+08 1.26554e+08 0.190158 0.252215
3 14 71536.9 14836.3 1.77872e+08 3.6919e+07 0.207394 0.364571
3 15 22041.8 7028.71 4.08542e+07 1.23764e+07 0.565005 0.377474
3 16 3439.8 0 3.9694e+06 0 0 -nan
3 17 0 0 0 0 -nan -nan
3 18 0 0 0 0 -nan -nan
3 19 0 0 0 0 -nan -nan
3 20 0 0 0 0 -nan -nan
4 0 2.94316e+07 7434.08 2.14936e+10 6.14368e+06 0.000372059 0.277499
4 1 3.86922e+07 582807 3.84629e+10 6.07596e+08 0.0164151 0.0403744
4 2 3.79303e+07 3.09251e+06 4.69516e+10 3.88387e+09 0.0858665 0.0188859
4 3 3.20687e+07 4.53348e+06 4.57939e+10 6.49348e+09 0.147111 0.0162071
4 4 2.43769e+07 4.47994e+06 3.7787e+10 6.95587e+09 0.194937 0.0164432
4 5 1.68692e+07 3.59198e+06 2.70765e+10 5.76779e+09 0.229258 0.0182606
4 6 1.06766e+07 2.56502e+06 1.71083e+10 4.1096e+09 0.26445 0.021087
4 7 6.69779e+06 1.69373e+06 1.04148e+10 2.6322e+09 0.28542 0.02517
4 8 4.07455e+06 1.08672e+06 6.01488e+09 1.60282e+09 0.308905 0.0301477
4 9 3.10333e+06 839068 4.21043e+09 1.13673e+09 0.307584 0.0329919
4 10 1.25136e+06 318247 1.48402e+09 3.77066e+08 0.319312 0.0492396
4 11 602763 173297 6.01781e+08 1.72183e+08 0.353596 0.0608483
4 12 193777 52847.8 1.5336e+08 4.18652e+07 0.355028 0.0982592
4 13 50042 11965 3.10636e+07 7.5522e+06 0.31058 0.182953
4 14 12291.6 3200.59 5.83421e+06 1.4683e+06 0.495902 0.29073
4 15 4865.5 775.058 1.70217e+06 300370 0.324109 0.509968
4 16 1267.8 0 274059 0 0 -nan
4 17 143.759 143.759 20666.6 20666.6 2.20447 0.772692
4 18 0 0 0 0 -nan -nan
4 19 0 0 0 0 -nan -nan
4 20 0 0 0 0 -nan -nan
5 0 2.43391e+06 536.441 2.35786e+08 57657.6 0.000315828 0.378422
5 1 3.19635e+06 42625.7 4.22775e+08 5.93856e+06 0.015285 0.0533924
5 2 3.17038e+06 253811 5.23652e+08 4.2482e+07 0.0840009 0.0241254
5 3 2.70712e+06 363576 5.18121e+08 6.98995e+07 0.140554 0.0209964
5 4 2.02992e+06 349569 4.2349e+08 7.30616e+07 0.185189 0.0216182
5 5 1.40588e+06 285449 3.0507e+08 6.19647e+07 0.217996 0.0239783
5 6 919942 210501 2.00262e+08 4.58232e+07 0.249298 0.027405
5 7 580825 137543 1.23362e+08 2.91976e+07 0.266222 0.0329765
5 8 346010 80875.1 7.01138e+07 1.63554e+07 0.28004 0.0412128
5 9 273580 67371.7 5.12805e+07 1.25841e+07 0.286413 0.043602
5 10 110720 28458.7 1.83505e+07 4.71526e+06 0.328944 0.0609879
5 11 53758.1 15530.2 7.51223e+06 2.17795e+06 0.341198 0.0768923
5 12 15737.9 4677.2 1.78884e+06 535301 0.424866 0.120214
5 13 4116.74 612.831 362100 53844.7 0.221968 0.305591
5 14 1071.43 325.092 72214.9 21185.7 0.442126 0.354678
5 15 301.782 140.129 15301.3 6553.73 0.464338 0.437971
5 16 57.1 30.3228 1636.49 919.474 0.531048 0.663198
5 17 18.7683 0 352.249 0 0 -nan
5 18 0 0 0 0 -nan -nan
5 19 0 0 0 0 -nan -nan
5 20 0 0 0 0 -nan -nan
6 0 406744 69.2183 4.99924e+06 959.216 0.000246612 0.378713
6 1 534799 7367.98 8.97094e+06 130276 0.0151361 0.0465995
6 2 538601 38120.5 1.12905e+07 808802 0.0746925 0.0222188
6 3 453627 56558.8 1.10114e+07 1.37779e+06 0.13136 0.0189961
6 4 342714 56574.7 9.07324e+06 1.50027e+06 0.175558 0.0193028
6 5 238878 47969.8 6.5788e+06 1.32175e+06 0.217503 0.0207976
6 6 154129 33304.6 4.25966e+06 920504 0.239474 0.0245808
6 7 98315.9 23311.8 2.65143e+06 628318 0.263516 0.0286464
6 8 58661.3 14548 1.51033e+06 374669 0.290451 0.0346458
6 9 46137 12691.9 1.09832e+06 301922 0.312283 0.0355007
6 10 19179.7 4633.06 403944 97266.2 0.287788 0.05543
6 11 9151.4 2200.24 164414 39457.8 0.282533 0.0748793
6 12 2827.46 729.673 40755.6 10489.7 0.311352 0.11495
6 13 795.687 223.254 8958.94 2499 0.403842 0.175315
6 14 208.533 60.0589 1822.54 518.542 0.388406 0.305
6 15 85.4067 13.254 563.364 87.8909 0.199565 0.555404
6 16 11.1025 0 41.1811 0 0 -nan
6 17 2.42904 0 5.90022 0 0 -nan
6 18 0 0 0 0 -nan -nan
6 19 0 0 0 0 -nan -nan
6 20 0 0 0 0 -nan -nan
