0 0 6.45791e+07 49670.4 2.82455e+12 2.46715e+09 0.000769141 0.999569
0 1 7.98672e+07 1.71558e+06 4.25348e+12 9.19816e+10 0.0241302 0.165081
0 2 7.20361e+07 5.90238e+06 3.54789e+12 2.86456e+11 0.0870577 0.0842309
0 3 5.75882e+07 8.59136e+06 2.18629e+12 3.23815e+11 0.15764 0.0595407
0 4 3.70276e+07 8.13063e+06 9.60143e+11 2.10274e+11 0.232681 0.0486574
0 5 2.42896e+07 5.62979e+06 3.8832e+11 9.02106e+10 0.25321 0.0452356
0 6 1.42233e+07 3.55775e+06 1.31675e+11 3.27253e+10 0.266737 0.0430051
0 7 7.58057e+06 2.04165e+06 3.87606e+10 1.03056e+10 0.304047 0.0412394
0 8 4.02501e+06 1.08185e+06 1.06306e+10 2.8383e+09 0.306284 0.0407082
0 9 2.61274e+06 850137 3.16911e+09 1.02407e+09 0.353052 0.0306106
0 10 895038 278420 3.72302e+08 1.1355e+08 0.37341 0.031929
0 11 327330 99532.3 4.13056e+07 1.21866e+07 0.367949 0.0311048
0 12 72459 19013.3 1.96536e+06 495945 0.370354 0.0349803
0 13 14781.1 3716.76 83585.4 20326.8 0.376511 0.0368552
0 14 2853.62 655.65 3193.19 705.74 0.406239 0.0520743
0 15 637.345 140.065 127.119 26.0751 0.476144 0.0854782
0 16 52.9379 9.07528 0.894719 0.148618 0.586978 0.0766056
0 17 4.38807 0.62735 0.00611815 0.000835865 0.867376 0.149279
0 18 0.316833 0.0421824 3.58296e-05 4.37121e-06 2.10359 0.284728
0 19 0 0 0 0 inf -nan
0 20 0 0 0 0 inf -nan
1 0 4.87571e+07 20274.1 8.8121e+11 4.1104e+08 0.000852263 0.707289
1 1 6.18454e+07 955416 1.39351e+12 2.17361e+10 0.0158149 0.15134
1 2 5.88613e+07 5.40755e+06 1.26363e+12 1.14442e+11 0.098849 0.057573
1 3 4.83018e+07 7.02817e+06 8.36314e+11 1.20349e+11 0.15131 0.0448417
1 4 3.39655e+07 6.8563e+06 4.20825e+11 8.41501e+10 0.212824 0.0371019
1 5 2.20664e+07 5.10932e+06 1.79882e+11 4.13673e+10 0.245598 0.0341997
1 6 1.33288e+07 3.46423e+06 6.69966e+10 1.72371e+10 0.283977 0.0316529
1 7 8.08257e+06 2.17956e+06 2.39153e+10 6.40086e+09 0.302099 0.0303132
1 8 4.58655e+06 1.27603e+06 7.67165e+09 2.10136e+09 0.32144 0.0295154
1 9 3.2689e+06 993048 2.74989e+09 8.19122e+08 0.338529 0.0239232
1 10 1.26767e+06 372034 4.21086e+08 1.22469e+08 0.34506 0.0246403
1 11 573493 170207 6.68147e+07 1.94425e+07 0.351295 0.0217941
1 12 153924 44417.4 4.87374e+06 1.36837e+06 0.379065 0.0234787
1 13 40071 9561.54 329581 75795.1 0.352687 0.0264196
1 14 10174 2314.45 21861.5 4851.56 0.37755 0.028537
1 15 3135.01 711.585 1568.07 339.11 0.390192 0.0386871
1 16 408.255 77.1645 26.6702 4.85997 0.458025 0.065719
1 17 54.1049 7.7606 0.462194 0.0658528 0.623872 0.117115
1 18 6.85606 0.990438 0.00817598 0.00116264 1.45973 0.200239
1 19 0 0 0 0 inf -nan
1 20 0 0 0 0 inf -nan
2 0 1.21607e+07 4454.62 4.66596e+10 1.98437e+07 0.000366313 0.999791
2 1 1.5167e+07 265886 7.35276e+10 1.3095e+09 0.0191253 0.129156
2 2 1.47759e+07 1.28057e+06 7.01506e+10 6.036e+09 0.0930624 0.0560084
2 3 1.27796e+07 1.94994e+06 5.03281e+10 7.62845e+09 0.159144 0.0404604
2 4 9.25595e+06 1.7336e+06 2.70304e+10 5.03272e+09 0.200797 0.035776
2 5 6.00473e+06 1.37672e+06 1.18535e+10 2.7019e+09 0.246127 0.0323349
2 6 3.91655e+06 909963 4.97308e+09 1.14291e+09 0.256837 0.0314496
2 7 2.33802e+06 582474 1.80182e+09 4.45898e+08 0.283344 0.0302216
2 8 1.39984e+06 377257 6.30715e+08 1.68465e+08 0.315456 0.0283103
2 9 1.03961e+06 303367 2.42936e+08 7.00962e+07 0.336451 0.0227223
2 10 418930 119431 4.02644e+07 1.13028e+07 0.334834 0.0238043
2 11 193401 58731.6 6.70949e+06 1.99632e+06 0.365487 0.020409
2 12 53449.5 14305.7 508120 132206 0.354646 0.0223778
2 13 14234.6 3654.65 36418.5 9170.4 0.368463 0.0238365
2 14 3522.04 784.565 2288.22 493.849 0.3732 0.0281504
2 15 1048.7 229.149 154.679 32.5469 0.396879 0.0308051
2 16 127.516 23.7208 2.3182 0.42152 0.481011 0.0530233
2 17 15.2107 2.18479 0.0328052 0.00472577 1.13103 0.504841
2 18 1.64647 0.232794 0.000430624 5.88851e-05 1.1637 0.0884219
2 19 0 0 0 0 inf -nan
2 20 0 0 0 0 inf -nan
3 0 3.03198e+06 0 1.80329e+09 0 0 -nan
3 1 3.89038e+06 58942.5 2.96735e+09 4.57283e+07 0.0171623 0.107123
3 2 3.90369e+06 348499 2.94039e+09 2.60343e+08 0.0939338 0.0431284
3 3 3.23361e+06 446173 2.04437e+09 2.79017e+08 0.144713 0.0340383
3 4 2.3343e+06 443681 1.10509e+09 2.07719e+08 0.200906 0.0286455
3 5 1.67664e+06 355147 5.47134e+08 1.15146e+08 0.229385 0.0260118
3 6 1.08945e+06 259289 2.30537e+08 5.44205e+07 0.258965 0.0241432
3 7 658090 170033 8.59027e+07 2.20593e+07 0.295497 0.0228215
3 8 390451 102400 3.02713e+07 7.88035e+06 0.307965 0.0226163
3 9 296011 84227.6 1.20638e+07 3.38626e+06 0.327395 0.0180661
3 10 124441 35994.7 2.13346e+06 608785 0.346361 0.0178916
3 11 58065.9 16731.3 370442 103229 0.349736 0.01637
3 12 16812.1 4671.21 30606.6 8279.48 0.362547 0.016982
3 13 4547.45 1098.33 2257.01 531.122 0.362995 0.0197046
3 14 1210.22 260.772 160.509 33.8468 0.35116 0.021355
3 15 362.298 79.7147 11.2369 2.42613 0.390389 0.0229844
3 16 46.9188 8.44068 0.188337 0.0331361 0.447799 0.0346258
3 17 5.84675 0.798985 0.00295244 0.000400929 0.690363 0.151502
3 18 0.675979 0.0930602 4.39666e-05 5.89501e-06 1.35329 0.156782
3 19 0 0 0 0 inf -nan
3 20 0 0 0 0 inf -nan
4 0 685777 207.522 6.30368e+07 21540 0.000302608 0.707109
4 1 892548 13907.3 1.05199e+08 1.66801e+06 0.0170755 0.0881122
4 2 889321 69348.8 1.04119e+08 8.04973e+06 0.0813094 0.0385083
4 3 737987 99722.3 7.28926e+07 9.74318e+06 0.142496 0.0284534
4 4 552074 99559.9 4.12303e+07 7.38875e+06 0.189856 0.024209
4 5 380774 81254.1 1.97812e+07 4.20347e+06 0.23014 0.0217355
4 6 255793 61145.2 8.66793e+06 2.0542e+06 0.261683 0.0198448
4 7 156439 39451.8 3.30865e+06 829579 0.286882 0.0192597
4 8 92319 24669.6 1.1756e+06 312816 0.310073 0.0186363
4 9 73608.7 20339.7 497019 136309 0.314502 0.0150694
4 10 30142.5 8249.35 86892.1 23426.7 0.327412 0.0154198
4 11 14690.6 4183.88 16101.3 4512.09 0.341207 0.0136321
4 12 4239.13 1080.89 1347.8 332.467 0.340967 0.014923
4 13 1190.48 273.906 106.819 23.9633 0.353468 0.0401604
4 14 321.661 65.6153 7.86568 1.56773 0.344878 0.0181875
4 15 102.097 20.9691 0.601335 0.119098 0.367513 0.0194643
4 16 13.5312 2.26227 0.01066 0.00174519 0.44772 0.0473783
4 17 1.7319 0.228724 0.000175886 2.27812e-05 0.569356 0.0547499
4 18 0.206817 0.0269817 2.81014e-06 3.52994e-07 1.22403 0.129101
4 19 0 0 0 0 inf -nan
4 20 0 0 0 0 inf -nan
5 0 57000.7 14.3888 694210 207.037 0.000252432 0.999854
5 1 74159.3 1086.18 1.16432e+06 17355.2 0.0155188 0.117039
5 2 76068.8 6411.54 1.18897e+06 99382 0.088134 0.0460673
5 3 60793.5 7498.21 805555 98199.1 0.129597 0.0382821
5 4 47155.3 8285.56 472373 82195.6 0.185204 0.0307081
5 5 33020.9 7080.39 231802 49255.8 0.229563 0.0271075
5 6 21026 4740.78 96791.2 21672.3 0.248662 0.0264501
5 7 13557.8 3093.94 39123.2 8882.15 0.257876 0.0257457
5 8 8116.88 1993.53 14127.7 3444.26 0.291381 0.0243524
5 9 6336.02 1688.86 5909.48 1559.98 0.308896 0.0194705
5 10 2704.84 715.905 1089.26 282.525 0.317703 0.0195808
5 11 1314.77 360.553 202.016 54.448 0.333816 0.0175154
5 12 382.055 93.4174 17.2496 4.10422 0.325903 0.0190329
5 13 108.791 24.7531 1.39759 0.311597 0.348635 0.0430918
5 14 29.1394 5.95206 0.103328 0.0207682 0.357166 0.0269111
5 15 9.43651 1.88805 0.00814293 0.00158988 0.356049 0.0239581
5 16 1.29911 0.207614 0.000152755 2.38943e-05 0.414636 0.0367944
5 17 0.169085 0.0211844 2.63328e-06 3.21353e-07 0.564052 0.0563826
5 18 0.0203374 0.00242101 4.31179e-08 4.9331e-09 1.13768 0.0792021
5 19 0 0 0 0 inf -nan
5 20 0 0 0 0 inf -nan
6 0 10389.3 5.22818 16103.2 9.12188 0.000682034 0.500309
6 1 13649.2 184.545 27149.2 374.37 0.0147219 0.099884
6 2 13308 945.729 26353.4 1861.04 0.0746895 0.0429155
6 3 11200.9 1409.22 18831.8 2346.11 0.131508 0.0315031
6 4 8678.17 1449.94 11052.4 1842.48 0.176874 0.0263643
6 5 6009.01 1169.7 5347.92 1036.14 0.211309 0.0238907
6 6 3857.31 842.19 2255.46 488.82 0.23881 0.0224628
6 7 2405.86 531.688 878.591 192.447 0.252503 0.0220778
6 8 1463.9 353.673 323.555 77.7909 0.287264 0.0206817
6 9 1138.87 293.113 134.871 34.4253 0.298256 0.0168423
6 10 487.315 122.285 24.8464 6.1535 0.308581 0.0170245
6 11 237.747 59.9154 4.65578 1.13543 0.317409 0.0290317
6 12 69.0563 16.3017 0.397969 0.0916273 0.320525 0.0167003
6 13 19.2883 4.14263 0.0315759 0.00663815 0.348001 0.0497227
6 14 5.39661 1.00919 0.00244242 0.000452937 0.329461 0.0206025
6 15 1.73187 0.321793 0.000190088 3.40512e-05 0.367481 0.0245625
6 16 0.234435 0.0360681 3.54196e-06 5.22744e-07 0.419842 0.0359753
6 17 0.0308509 0.00370916 6.15403e-08 7.33832e-09 19.6783 0.970882
6 18 0.00374371 0.000446221 1.0187e-09 1.16391e-10 1.40476 0.172355
6 19 0 0 0 0 inf -nan
6 20 0 0 0 0 inf -nan
